
state={
	id=495
	name="STATE_495"
	resources={
		aluminium=4.000
	}

	history={
		owner = BRA
		buildings = {
			infrastructure = 0
			12853 = {
				naval_base = 2

			}

		}
		add_core_of = BRA
		victory_points = {
			12853 1 
		}

	}

	provinces={
		1979 2035 2198 2214 4980 5008 5083 5214 5232 8172 8185 8254 10874 10934 10956 12853 12919 12965 12999 13083 13309 13310 13317 13319 13320 13321 13322 13323 13325 13327 13328 13329 13330 13331 13334 13336 13338 13339 13340 13341 13342 13344 13346 13348 13351 13353 13354 13355 13357 13358 13359 13363 13364 13365 13366 13368 13369 13370 13373 13374 13375 13376 13377 13378 13379 13380 13381 13385 13386 13387 13388 13390 13392 13394 13399 13400 13403 13409 13410 13412 13415 13525 13527 13529 13531 13532 13535 13536 13541 
	}
	manpower=858900
	buildings_max_level_factor=1.000
	state_category=pastoral
}
